# goal: explanation of multi-objective reasoning in software engineering
# 500 papers; knee at 466 cites; read the 43 papers above it

# below the knee (457 papers)
2 2 2 3 3 3 3 3 3 3 3 3 3 3 4 4 4 4 4 4 4 4 4 5 5 5 5 5 5 5 5 6 6 6 6
7 7 7 7 7 7 7 7 7 7 7 8 8 8 8 9 9 9 9 9 9 9 9 9 9 10 10 10 10 10 10 10
10 10 10 10 11 11 11 11 11 11 11 11 11 11 11 11 11 11 11 12 12 12 12
12 12 12 12 12 12 12 12 12 13 13 13 13 13 13 13 13 13 13 13 13 14 14
14 14 14 14 14 14 14 14 15 15 15 15 15 15 15 15 15 15 15 15 15 16 16
16 16 16 16 16 16 17 17 17 17 17 17 17 17 17 17 18 18 18 18 18 18 18
18 18 18 18 18 18 18 18 18 19 19 19 19 19 19 19 19 19 19 19 20 20 20
20 20 20 20 20 20 21 21 21 21 21 21 21 21 21 21 22 22 22 22 22 22 23
23 23 23 23 23 24 24 24 24 24 24 24 24 25 25 25 25 25 25 25 25 25 25
26 26 26 26 27 27 27 27 27 27 28 28 28 28 28 28 29 29 29 29 30 30 30
30 31 31 31 31 31 32 33 33 33 33 34 34 34 34 34 34 35 35 35 35 36 37
37 38 38 38 39 39 39 39 40 40 41 41 41 41 42 42 42 43 43 44 44 45 45
45 45 45 45 46 46 46 46 46 47 47 49 49 52 53 53 54 54 54 55 55 57 58
58 58 59 59 63 66 68 68 69 70 70 71 72 73 73 74 75 75 78 78 79 82 86
86 87 93 93 94 95 98 100 101 101 103 105 105 107 108 111 111 116 118
119 119 120 123 123 124 125 126 127 130 131 132 134 137 137 143 144
145 146 156 158 158 160 162 163 163 165 165 166 169 169 172 173 173
173 174 178 178 180 180 180 182 183 185 186 187 189 190 192 192 193
195 197 201 201 208 213 221 221 221 221 222 225 244 246 253 254 256
276 299 301 306 317 318 344 350 351 363 364 366 373 379 385 393 408
410 410 414 414 427 447 449 456 458 464

# above the knee (43 papers)
466 491 492 499 511 544 550 552 565 585 589 599 612 617 631 670 680
680 697 728 738 817 834 887 966 1010 1167 1183 1197 1210 1212 1278
1420 1449 1452 1559 1574 1788 1828 2416 2419 2529 3857
